0	0	0.0
0	1	0.0
0	2	0.0
0	3	0.0
0	4	0.0
0	5	0.0
0	6	0.0
0	7	0.0
0	8	0.0
0	9	0.0
0	10	0.0
0	11	0.0
0	12	0.0
0	13	0.0
0	14	0.0
0	15	0.0
0	16	0.0
0	17	0.0
0	18	0.0
0	19	0.0
0	20	0.0
0	21	0.0
0	22	0.0
0	23	0.0
0	24	0.0
0	25	0.0
0	26	0.0
0	27	0.0
0	28	0.0
0	29	0.0
0	30	0.0
0	31	0.0
0	32	0.0
0	33	0.0
0	34	0.0
0	35	0.0
0	36	0.0
0	37	0.0
0	38	0.0
0	39	0.0
0	40	0.0

1	0	0.0
1	1	0.0
1	2	0.0
1	3	0.0
1	4	0.0
1	5	0.0
1	6	0.0
1	7	0.0
1	8	0.0
1	9	0.0
1	10	0.0
1	11	1.01837672281776
1	12	2.02441505595117
1	13	3.02130898021309
1	14	4.01215805471125
1	15	5.0
1	16	5.98784194528875
1	17	6.97869101978691
1	18	7.97558494404883
1	19	8.98162327718224
1	20	10.0
1	21	10.0
1	22	10.0
1	23	10.0
1	24	10.0
1	25	10.0
1	26	10.0
1	27	10.0
1	28	10.0
1	29	10.0
1	30	10.0
1	31	10.0
1	32	10.0
1	33	10.0
1	34	10.0
1	35	10.0
1	36	10.0
1	37	10.0
1	38	10.0
1	39	10.0
1	40	0.0

2	0	0.0
2	1	0.0
2	2	0.0
2	3	0.0
2	4	0.0
2	5	0.0
2	6	0.0
2	7	0.0
2	8	0.0
2	9	0.0
2	10	0.0
2	11	1.03753910323254
2	12	2.04968944099379
2	13	3.043254376931
2	14	4.02464065708419
2	15	5.0
2	16	5.97535934291581
2	17	6.956745623069
2	18	7.95031055900621
2	19	8.96246089676746
2	20	10.0
2	21	10.0
2	22	10.0
2	23	10.0
2	24	10.0
2	25	10.0
2	26	10.0
2	27	10.0
2	28	10.0
2	29	10.0
2	30	10.0
2	31	10.0
2	32	10.0
2	33	10.0
2	34	10.0
2	35	10.0
2	36	10.0
2	37	10.0
2	38	10.0
2	39	10.0
2	40	0.0

3	0	0.0
3	1	0.0
3	2	0.0
3	3	0.0
3	4	0.0
3	5	0.0
3	6	0.0
3	7	0.0
3	8	0.0
3	9	0.0
3	10	0.0
3	11	1.05753862546617
3	12	2.07586933614331
3	13	3.06586513329848
3	14	4.03746097814776
3	15	5.0
3	16	5.96253902185224
3	17	6.93413486670152
3	18	7.92413066385669
3	19	8.94246137453383
3	20	10.0
3	21	10.0
3	22	10.0
3	23	10.0
3	24	10.0
3	25	10.0
3	26	10.0
3	27	10.0
3	28	10.0
3	29	10.0
3	30	10.0
3	31	10.0
3	32	10.0
3	33	10.0
3	34	10.0
3	35	10.0
3	36	10.0
3	37	10.0
3	38	10.0
3	39	10.0
3	40	0.0

4	0	0.0
4	1	0.0
4	2	0.0
4	3	0.0
4	4	0.0
4	5	0.0
4	6	0.0
4	7	0.0
4	8	0.0
4	9	0.0
4	10	0.0
4	11	1.07843137254902
4	12	2.10300429184549
4	13	3.08917197452229
4	14	4.05063291139241
4	15	5.0
4	16	5.94936708860759
4	17	6.91082802547771
4	18	7.89699570815451
4	19	8.92156862745098
4	20	10.0
4	21	10.0
4	22	10.0
4	23	10.0
4	24	10.0
4	25	10.0
4	26	10.0
4	27	10.0
4	28	10.0
4	29	10.0
4	30	10.0
4	31	10.0
4	32	10.0
4	33	10.0
4	34	10.0
4	35	10.0
4	36	10.0
4	37	10.0
4	38	10.0
4	39	10.0
4	40	0.0

5	0	0.0
5	1	0.0
5	2	0.0
5	3	0.0
5	4	0.0
5	5	0.0
5	6	0.0
5	7	0.0
5	8	0.0
5	9	0.0
5	10	0.0
5	11	1.10027855153203
5	12	2.13114754098361
5	13	3.11320754716981
5	14	4.06417112299465
5	15	5.0
5	16	5.93582887700535
5	17	6.88679245283019
5	18	7.86885245901639
5	19	8.89972144846796
5	20	10.0
5	21	10.0
5	22	10.0
5	23	10.0
5	24	10.0
5	25	10.0
5	26	10.0
5	27	10.0
5	28	10.0
5	29	10.0
5	30	10.0
5	31	10.0
5	32	10.0
5	33	10.0
5	34	10.0
5	35	10.0
5	36	10.0
5	37	10.0
5	38	10.0
5	39	10.0
5	40	0.0

6	0	0.0
6	1	0.0
6	2	0.0
6	3	0.0
6	4	0.0
6	5	0.0
6	6	0.0
6	7	0.0
6	8	0.0
6	9	0.0
6	10	0.0
6	11	1.12314709236032
6	12	2.16035634743875
6	13	3.13800657174151
6	14	4.07809110629067
6	15	5.0
6	16	5.92190889370933
6	17	6.86199342825849
6	18	7.83964365256125
6	19	8.87685290763968
6	20	10.0
6	21	10.0
6	22	10.0
6	23	10.0
6	24	10.0
6	25	10.0
6	26	10.0
6	27	10.0
6	28	10.0
6	29	10.0
6	30	10.0
6	31	10.0
6	32	10.0
6	33	10.0
6	34	10.0
6	35	10.0
6	36	10.0
6	37	10.0
6	38	10.0
6	39	10.0
6	40	0.0

7	0	0.0
7	1	0.0
7	2	0.0
7	3	0.0
7	4	0.0
7	5	0.0
7	6	0.0
7	7	0.0
7	8	0.0
7	9	0.0
7	10	0.0
7	11	1.14711033274956
7	12	2.19069239500568
7	13	3.16360601001669
7	14	4.09240924092409
7	15	5.0
7	16	5.90759075907591
7	17	6.83639398998331
7	18	7.80930760499432
7	19	8.85288966725044
7	20	10.0
7	21	10.0
7	22	10.0
7	23	10.0
7	24	10.0
7	25	10.0
7	26	10.0
7	27	10.0
7	28	10.0
7	29	10.0
7	30	10.0
7	31	10.0
7	32	10.0
7	33	10.0
7	34	10.0
7	35	10.0
7	36	10.0
7	37	10.0
7	38	10.0
7	39	10.0
7	40	0.0

8	0	0.0
8	1	0.0
8	2	0.0
8	3	0.0
8	4	0.0
8	5	0.0
8	6	0.0
8	7	0.0
8	8	0.0
8	9	0.0
8	10	0.0
8	11	1.17224880382775
8	12	2.22222222222222
8	13	3.19004524886878
8	14	4.10714285714286
8	15	5.0
8	16	5.89285714285714
8	17	6.80995475113122
8	18	7.77777777777778
8	19	8.82775119617225
8	20	10.0
8	21	10.0
8	22	10.0
8	23	10.0
8	24	10.0
8	25	10.0
8	26	10.0
8	27	10.0
8	28	10.0
8	29	10.0
8	30	10.0
8	31	10.0
8	32	10.0
8	33	10.0
8	34	10.0
8	35	10.0
8	36	10.0
8	37	10.0
8	38	10.0
8	39	10.0
8	40	0.0

9	0	0.0
9	1	0.0
9	2	0.0
9	3	0.0
9	4	0.0
9	5	0.0
9	6	0.0
9	7	0.0
9	8	0.0
9	9	0.0
9	10	0.0
9	11	1.19865113427345
9	12	2.25501770956316
9	13	3.21736630247268
9	14	4.12231030577576
9	15	5.0
9	16	5.87768969422423
9	17	6.78263369752731
9	18	7.74498229043684
9	19	8.80134886572655
9	20	10.0
9	21	10.0
9	22	10.0
9	23	10.0
9	24	10.0
9	25	10.0
9	26	10.0
9	27	10.0
9	28	10.0
9	29	10.0
9	30	10.0
9	31	10.0
9	32	10.0
9	33	10.0
9	34	10.0
9	35	10.0
9	36	10.0
9	37	10.0
9	38	10.0
9	39	10.0
9	40	0.0

10	0	0.0
10	1	0.0
10	2	0.0
10	3	0.0
10	4	0.0
10	5	0.0
10	6	0.0
10	7	0.0
10	8	0.0
10	9	0.0
10	10	0.0
10	11	1.22641509433962
10	12	2.28915662650602
10	13	3.24561403508772
10	14	4.13793103448276
10	15	5.0
10	16	5.86206896551724
10	17	6.75438596491228
10	18	7.71084337349397
10	19	8.77358490566038
10	20	10.0
10	21	10.0
10	22	10.0
10	23	10.0
10	24	10.0
10	25	10.0
10	26	10.0
10	27	10.0
10	28	10.0
10	29	10.0
10	30	10.0
10	31	10.0
10	32	10.0
10	33	10.0
10	34	10.0
10	35	10.0
10	36	10.0
10	37	10.0
10	38	10.0
10	39	10.0
10	40	0.0

11	0	0.0
11	1	0.0
11	2	0.0
11	3	0.0
11	4	0.0
11	5	0.0
11	6	0.0
11	7	0.0
11	8	0.0
11	9	0.0
11	10	0.0
11	11	1.25564880568108
11	12	2.32472324723247
11	13	3.27483640690065
11	14	4.15402567094516
11	15	5.0
11	16	5.84597432905484
11	17	6.72516359309934
11	18	7.67527675276753
11	19	8.74435119431891
11	20	10.0
11	21	10.0
11	22	10.0
11	23	10.0
11	24	10.0
11	25	10.0
11	26	10.0
11	27	10.0
11	28	10.0
11	29	10.0
11	30	10.0
11	31	10.0
11	32	10.0
11	33	10.0
11	34	10.0
11	35	10.0
11	36	10.0
11	37	10.0
11	38	10.0
11	39	10.0
11	40	0.0

12	0	0.0
12	1	0.0
12	2	0.0
12	3	0.0
12	4	0.0
12	5	0.0
12	6	0.0
12	7	0.0
12	8	0.0
12	9	0.0
12	10	0.0
12	11	1.28647214854111
12	12	2.36180904522613
12	13	3.30508474576271
12	14	4.17061611374408
12	15	5.0
12	16	5.82938388625593
12	17	6.69491525423729
12	18	7.63819095477387
12	19	8.71352785145889
12	20	10.0
12	21	10.0
12	22	10.0
12	23	10.0
12	24	10.0
12	25	10.0
12	26	10.0
12	27	10.0
12	28	10.0
12	29	10.0
12	30	10.0
12	31	10.0
12	32	10.0
12	33	10.0
12	34	10.0
12	35	10.0
12	36	10.0
12	37	10.0
12	38	10.0
12	39	10.0
12	40	0.0

13	0	0.0
13	1	0.0
13	2	0.0
13	3	0.0
13	4	0.0
13	5	0.0
13	6	0.0
13	7	0.0
13	8	0.0
13	9	0.0
13	10	0.0
13	11	1.31901840490797
13	12	2.400513478819
13	13	3.33641404805915
13	14	4.18772563176895
13	15	5.0
13	16	5.81227436823105
13	17	6.66358595194085
13	18	7.599486521181
13	19	8.68098159509203
13	20	10.0
13	21	10.0
13	22	10.0
13	23	10.0
13	24	10.0
13	25	10.0
13	26	10.0
13	27	10.0
13	28	10.0
13	29	10.0
13	30	10.0
13	31	10.0
13	32	10.0
13	33	10.0
13	34	10.0
13	35	10.0
13	36	10.0
13	37	10.0
13	38	10.0
13	39	10.0
13	40	0.0

14	0	0.0
14	1	0.0
14	2	0.0
14	3	0.0
14	4	0.0
14	5	0.0
14	6	0.0
14	7	0.0
14	8	0.0
14	9	0.0
14	10	0.0
14	11	1.35343618513324
14	12	2.44094488188976
14	13	3.36888331242158
14	14	4.20537897310513
14	15	5.0
14	16	5.79462102689487
14	17	6.63111668757842
14	18	7.55905511811024
14	19	8.64656381486676
14	20	10.0
14	21	10.0
14	22	10.0
14	23	10.0
14	24	10.0
14	25	10.0
14	26	10.0
14	27	10.0
14	28	10.0
14	29	10.0
14	30	10.0
14	31	10.0
14	32	10.0
14	33	10.0
14	34	10.0
14	35	10.0
14	36	10.0
14	37	10.0
14	38	10.0
14	39	10.0
14	40	0.0

15	0	0.0
15	1	0.0
15	2	0.0
15	3	0.0
15	4	0.0
15	5	0.0
15	6	0.0
15	7	0.0
15	8	0.0
15	9	0.0
15	10	0.0
15	11	1.3898916967509
15	12	2.48322147651007
15	13	3.40255591054313
15	14	4.22360248447205
15	15	5.0
15	16	5.77639751552795
15	17	6.59744408945687
15	18	7.51677852348993
15	19	8.6101083032491
15	20	10.0
15	21	10.0
15	22	10.0
15	23	10.0
15	24	10.0
15	25	10.0
15	26	10.0
15	27	10.0
15	28	10.0
15	29	10.0
15	30	10.0
15	31	10.0
15	32	10.0
15	33	10.0
15	34	10.0
15	35	10.0
15	36	10.0
15	37	10.0
15	38	10.0
15	39	10.0
15	40	0.0

16	0	0.0
16	1	0.0
16	2	0.0
16	3	0.0
16	4	0.0
16	5	0.0
16	6	0.0
16	7	0.0
16	8	0.0
16	9	0.0
16	10	0.0
16	11	1.42857142857143
16	12	2.52747252747253
16	13	3.4375
16	14	4.24242424242424
16	15	5.0
16	16	5.75757575757576
16	17	6.5625
16	18	7.47252747252747
16	19	8.57142857142857
16	20	10.0
16	21	10.0
16	22	10.0
16	23	10.0
16	24	10.0
16	25	10.0
16	26	10.0
16	27	10.0
16	28	10.0
16	29	10.0
16	30	10.0
16	31	10.0
16	32	10.0
16	33	10.0
16	34	10.0
16	35	10.0
16	36	10.0
16	37	10.0
16	38	10.0
16	39	10.0
16	40	0.0

17	0	0.0
17	1	0.0
17	2	0.0
17	3	0.0
17	4	0.0
17	5	0.0
17	6	0.0
17	7	0.0
17	8	0.0
17	9	0.0
17	10	0.0
17	11	1.46968534151957
17	12	2.57383966244726
17	13	3.47378898473789
17	14	4.26187419768935
17	15	5.0
17	16	5.73812580231065
17	17	6.52621101526211
17	18	7.42616033755274
17	19	8.53031465848043
17	20	10.0
17	21	10.0
17	22	10.0
17	23	10.0
17	24	10.0
17	25	10.0
17	26	10.0
17	27	10.0
17	28	10.0
17	29	10.0
17	30	10.0
17	31	10.0
17	32	10.0
17	33	10.0
17	34	10.0
17	35	10.0
17	36	10.0
17	37	10.0
17	38	10.0
17	39	10.0
17	40	0.0

18	0	0.0
18	1	0.0
18	2	0.0
18	3	0.0
18	4	0.0
18	5	0.0
18	6	0.0
18	7	0.0
18	8	0.0
18	9	0.0
18	10	0.0
18	11	1.513470681458
18	12	2.62247838616715
18	13	3.51150202976996
18	14	4.28198433420366
18	15	5.0
18	16	5.71801566579634
18	17	6.48849797023004
18	18	7.37752161383285
18	19	8.486529318542
18	20	10.0
18	21	10.0
18	22	10.0
18	23	10.0
18	24	10.0
18	25	10.0
18	26	10.0
18	27	10.0
18	28	10.0
18	29	10.0
18	30	10.0
18	31	10.0
18	32	10.0
18	33	10.0
18	34	10.0
18	35	10.0
18	36	10.0
18	37	10.0
18	38	10.0
18	39	10.0
18	40	0.0

19	0	0.0
19	1	0.0
19	2	0.0
19	3	0.0
19	4	0.0
19	5	0.0
19	6	0.0
19	7	0.0
19	8	0.0
19	9	0.0
19	10	0.0
19	11	1.56019656019656
19	12	2.67355982274742
19	13	3.55072463768116
19	14	4.30278884462151
19	15	5.0
19	16	5.69721115537849
19	17	6.44927536231884
19	18	7.32644017725258
19	19	8.43980343980344
19	20	10.0
19	21	10.0
19	22	10.0
19	23	10.0
19	24	10.0
19	25	10.0
19	26	10.0
19	27	10.0
19	28	10.0
19	29	10.0
19	30	10.0
19	31	10.0
19	32	10.0
19	33	10.0
19	34	10.0
19	35	10.0
19	36	10.0
19	37	10.0
19	38	10.0
19	39	10.0
19	40	0.0

20	0	0.0
20	1	0.0
20	2	0.0
20	3	0.0
20	4	0.0
20	5	0.0
20	6	0.0
20	7	0.0
20	8	0.0
20	9	0.0
20	10	0.0
20	11	1.61016949152542
20	12	2.72727272727273
20	13	3.59154929577465
20	14	4.32432432432432
20	15	5.0
20	16	5.67567567567568
20	17	6.40845070422535
20	18	7.27272727272727
20	19	8.38983050847458
20	20	10.0
20	21	10.0
20	22	10.0
20	23	10.0
20	24	10.0
20	25	10.0
20	26	10.0
20	27	10.0
20	28	10.0
20	29	10.0
20	30	10.0
20	31	10.0
20	32	10.0
20	33	10.0
20	34	10.0
20	35	10.0
20	36	10.0
20	37	10.0
20	38	10.0
20	39	10.0
20	40	0.0

21	0	0.0
21	1	-0.52238805970149
21	2	-0.54700384826828
21	3	-0.574197280879375
21	4	-0.604395604395605
21	5	-0.638126009693054
21	6	-0.676046671242279
21	7	-0.718990120746433
21	8	-0.768025078369906
21	9	-0.824546604808098
21	10	-0.89041095890411
21	11	0.739327450512759
21	12	1.91752130579229
21	13	2.84726459223104
21	14	3.63868183601412
21	15	4.36187399030695
21	16	5.07061592781483
21	17	5.8165548098434
21	18	6.66257402860032
21	19	7.70331504889101
21	20	9.10958904109589
21	21	9.30062008108753
21	22	9.43377148634985
21	23	9.53376042302217
21	24	9.61357395056885
21	25	9.68093699515347
21	26	9.74107493134563
21	27	9.79814927801505
21	28	9.85627618084645
21	29	9.92070116861436
21	30	10.0
21	31	10.0
21	32	10.0
21	33	10.0
21	34	10.0
21	35	10.0
21	36	10.0
21	37	10.0
21	38	10.0
21	39	10.0
21	40	0.0

22	0	0.0
22	1	-1.03753910323254
22	2	-1.07843137254902
22	3	-1.12314709236032
22	4	-1.17224880382775
22	5	-1.22641509433962
22	6	-1.28647214854111
22	7	-1.35343618513324
22	8	-1.42857142857143
22	9	-1.513470681458
22	10	-1.61016949152542
22	11	0.0
22	12	1.2063227953411
22	13	2.17790606140121
22	14	3.01220132180986
22	15	3.77358490566038
22	16	4.51194712760549
22	17	5.27420624508003
22	18	6.11480865224625
22	19	7.11057547454052
22	20	8.38983050847458
22	21	8.70518228382043
22	22	8.9351081530782
22	23	9.1137496720021
22	24	9.26029486527707
22	25	9.38679245283019
22	26	9.50177935943061
22	27	9.61230648123852
22	28	9.72545757071547
22	29	9.85010545344984
22	30	10.0
22	31	10.0
22	32	10.0
22	33	10.0
22	34	10.0
22	35	10.0
22	36	10.0
22	37	10.0
22	38	10.0
22	39	10.0
22	40	0.0

23	0	0.0
23	1	-1.5463515969878
23	2	-1.59643435980551
23	3	-1.65071770334928
23	4	-1.70975323149236
23	5	-1.7741935483871
23	6	-1.84481648422408
23	7	-1.92255664524856
23	8	-2.00854700854701
23	9	-2.10417450169236
23	10	-2.21115537848606
23	11	-0.640702613202794
23	12	0.572519083969466
23	13	1.5689776133682
23	14	2.4339575840258
23	15	3.2258064516129
23	16	3.99045020463847
23	17	4.77071241788379
23	18	5.614704700683
23	19	6.58699877618602
23	20	7.78884462151394
23	21	8.1874955006839
23	22	8.48935315387706
23	23	8.73094585113847
23	24	8.93401959568399
23	25	9.11290322580645
23	26	9.27818429864815
23	27	9.43889916448753
23	28	9.60425873844918
23	29	9.78565258080772
23	30	10.0
23	31	10.0
23	32	10.0
23	33	10.0
23	34	10.0
23	35	10.0
23	36	10.0
23	37	10.0
23	38	10.0
23	39	10.0
23	40	0.0

24	0	0.0
24	1	-2.04968944099379
24	2	-2.10300429184549
24	3	-2.16035634743875
24	4	-2.22222222222222
24	5	-2.28915662650602
24	6	-2.36180904522613
24	7	-2.44094488188976
24	8	-2.52747252747253
24	9	-2.62247838616715
24	10	-2.72727272727273
24	11	-1.2063227953411
24	12	0.0
24	13	1.00896860986547
24	14	1.89504373177843
24	15	2.71084337349398
24	16	3.49854227405248
24	17	4.29745889387145
24	18	5.15088449531738
24	19	6.11480865224625
24	20	7.27272727272727
24	21	7.7287853577371
24	22	8.08532778355879
24	23	8.37817638266069
24	24	8.62973760932945
24	25	8.85542168674699
24	26	9.06705539358601
24	27	9.27503736920777
24	28	9.49011446409989
24	29	9.72545757071547
24	30	10.0
24	31	10.0
24	32	10.0
24	33	10.0
24	34	10.0
24	35	10.0
24	36	10.0
24	37	10.0
24	38	10.0
24	39	10.0
24	40	0.0

25	0	0.0
25	1	-2.5483870967742
25	2	-2.6
25	3	-2.6551724137931
25	4	-2.71428571428571
25	5	-2.77777777777778
25	6	-2.84615384615385
25	7	-2.92
25	8	-3.0
25	9	-3.08695652173913
25	10	-3.18181818181818
25	11	-1.71428571428571
25	12	-0.523809523809523
25	13	0.488549618320611
25	14	1.38805970149254
25	15	2.22222222222222
25	16	3.02985074626866
25	17	3.84732824427481
25	18	4.71428571428571
25	19	5.68067226890756
25	20	6.81818181818182
25	21	7.31512605042017
25	22	7.71428571428571
25	23	8.04961832061069
25	24	8.34328358208955
25	25	8.61111111111111
25	26	8.86567164179104
25	27	9.11832061068703
25	28	9.38095238095238
25	29	9.66806722689076
25	30	10.0
25	31	10.0
25	32	10.0
25	33	10.0
25	34	10.0
25	35	10.0
25	36	10.0
25	37	10.0
25	38	10.0
25	39	10.0
25	40	0.0

26	0	0.0
26	1	-3.043254376931
26	2	-3.08917197452229
26	3	-3.13800657174151
26	4	-3.19004524886878
26	5	-3.24561403508772
26	6	-3.30508474576271
26	7	-3.36888331242158
26	8	-3.4375
26	9	-3.51150202976996
26	10	-3.59154929577465
26	11	-2.17790606140121
26	12	-1.00896860986547
26	13	0.0
26	14	0.906735751295337
26	15	1.75438596491228
26	16	2.57889778615167
26	17	3.41428227939408
26	18	4.29745889387145
26	19	5.27420624508003
26	20	6.40845070422535
26	21	6.93584361060089
26	22	7.36920777279522
26	23	7.74044241404184
26	24	8.07112576542628
26	25	8.37719298245614
26	26	8.67169100329722
26	27	8.9666987256552
26	28	9.27503736920777
26	29	9.61230648123852
26	30	10.0
26	31	10.0
26	32	10.0
26	33	10.0
26	34	10.0
26	35	10.0
26	36	10.0
26	37	10.0
26	38	10.0
26	39	10.0
26	40	0.0

27	0	0.0
27	1	-3.53508095605243
27	2	-3.57218402961396
27	3	-3.61148924584808
27	4	-3.65319865319865
27	5	-3.69753979739508
27	6	-3.74476987447699
27	7	-3.79518072289157
27	8	-3.84910485933504
27	9	-3.90692282212653
27	10	-3.96907216494845
27	11	-2.60768785010624
27	12	-1.46372897999264
27	13	-0.463210404418315
27	14	0.445648374694162
27	15	1.30246020260492
27	16	2.14085983921706
27	17	2.99305184393373
27	18	3.8940714373389
27	19	4.88700019316206
27	20	6.03092783505155
27	21	6.58248020088854
27	22	7.04431078924758
27	23	7.44655264564404
27	24	7.81020622160084
27	25	8.15123010130246
27	26	8.48304788535477
27	27	8.81836807411367
27	28	9.17086043942555
27	29	9.55717597063937
27	30	10.0
27	31	10.0
27	32	10.0
27	33	10.0
27	34	10.0
27	35	10.0
27	36	10.0
27	37	10.0
27	38	10.0
27	39	10.0
27	40	0.0

28	0	0.0
28	1	-4.02464065708419
28	2	-4.05063291139241
28	3	-4.07809110629067
28	4	-4.10714285714286
28	5	-4.13793103448276
28	6	-4.17061611374408
28	7	-4.20537897310513
28	8	-4.24242424242424
28	9	-4.28198433420366
28	10	-4.32432432432432
28	11	-3.01220132180986
28	12	-1.89504373177843
28	13	-0.906735751295337
28	14	0.0
28	15	0.862068965517242
28	16	1.7113783533765
28	17	2.57889778615167
28	18	3.49854227405248
28	19	4.51194712760549
28	20	5.67567567567568
28	21	6.24809354346721
28	22	6.73469387755102
28	23	7.16439001413095
28	24	7.55781683626272
28	25	7.93103448275862
28	26	8.29787234042553
28	27	8.67169100329722
28	28	9.06705539358601
28	29	9.50177935943061
28	30	10.0
28	31	10.0
28	32	10.0
28	33	10.0
28	34	10.0
28	35	10.0
28	36	10.0
28	37	10.0
28	38	10.0
28	39	10.0
28	40	0.0

29	0	0.0
29	1	-4.51269556296486
29	2	-4.5260663507109
29	3	-4.54016770354341
29	4	-4.55506117908788
29	5	-4.57081545064378
29	6	-4.58750736593989
29	7	-4.60522320072882
29	8	-4.62406015037594
29	9	-4.644128113879
29	10	-4.66555183946488
29	11	-3.39870105302982
29	12	-2.30894603404564
29	13	-1.33559838322301
29	14	-0.434557384597675
29	15	0.429184549356224
29	16	1.28640497294808
29	17	2.16741842891453
29	18	3.10575878304962
29	19	4.14275805536289
29	20	5.33444816053512
29	21	5.92676082981273
29	22	6.43607388627309
29	23	6.89077968484565
29	24	7.31149994244273
29	25	7.71459227467811
29	26	8.11442385173247
29	27	8.52513033800012
29	28	8.9623324882289
29	29	9.44526767135381
29	30	10.0
29	31	10.0
29	32	10.0
29	33	10.0
29	34	10.0
29	35	10.0
29	36	10.0
29	37	10.0
29	38	10.0
29	39	10.0
29	40	0.0

30	0	0.0
30	1	-5.0
30	2	-5.0
30	3	-5.0
30	4	-5.0
30	5	-5.0
30	6	-5.0
30	7	-5.0
30	8	-5.0
30	9	-5.0
30	10	-5.0
30	11	-3.77358490566038
30	12	-2.71084337349398
30	13	-1.75438596491228
30	14	-0.862068965517242
30	15	0.0
30	16	0.862068965517242
30	17	1.75438596491228
30	18	2.71084337349398
30	19	3.77358490566038
30	20	5.0
30	21	5.61320754716981
30	22	6.14457831325301
30	23	6.62280701754386
30	24	7.06896551724138
30	25	7.5
30	26	7.93103448275862
30	27	8.37719298245614
30	28	8.85542168674699
30	29	9.38679245283019
30	30	10.0
30	31	10.0
30	32	10.0
30	33	10.0
30	34	10.0
30	35	10.0
30	36	10.0
30	37	10.0
30	38	10.0
30	39	10.0
30	40	0.0

31	0	0.0
31	1	-5.48730443703514
31	2	-5.4739336492891
31	3	-5.45983229645659
31	4	-5.44493882091212
31	5	-5.42918454935622
31	6	-5.41249263406011
31	7	-5.39477679927118
31	8	-5.37593984962406
31	9	-5.355871886121
31	10	-5.33444816053512
31	11	-4.14275805536289
31	12	-3.10575878304962
31	13	-2.16741842891453
31	14	-1.28640497294808
31	15	-0.429184549356224
31	16	0.434557384597675
31	17	1.33559838322301
31	18	2.30894603404564
31	19	3.39870105302982
31	20	4.66555183946488
31	21	5.30250961599092
31	22	5.85657370517928
31	23	6.35771190908558
31	24	6.82801887878439
31	25	7.28540772532189
31	26	7.74605732704041
31	27	8.22637806806865
31	28	8.74501992031873
31	29	9.32546188284255
31	30	10.0
31	31	10.0
31	32	10.0
31	33	10.0
31	34	10.0
31	35	10.0
31	36	10.0
31	37	10.0
31	38	10.0
31	39	10.0
31	40	0.0

32	0	0.0
32	1	-5.97535934291581
32	2	-5.94936708860759
32	3	-5.92190889370933
32	4	-5.89285714285714
32	5	-5.86206896551724
32	6	-5.82938388625593
32	7	-5.79462102689487
32	8	-5.75757575757576
32	9	-5.71801566579634
32	10	-5.67567567567568
32	11	-4.51194712760549
32	12	-3.49854227405248
32	13	-2.57889778615167
32	14	-1.7113783533765
32	15	-0.862068965517242
32	16	0.0
32	17	0.906735751295336
32	18	1.89504373177843
32	19	3.01220132180986
32	20	4.32432432432432
32	21	4.98983223182511
32	22	5.56851311953353
32	23	6.09279321714555
32	24	6.58649398704903
32	25	7.06896551724138
32	26	7.55781683626272
32	27	8.07112576542628
32	28	8.62973760932945
32	29	9.26029486527707
32	30	10.0
32	31	10.0
32	32	10.0
32	33	10.0
32	34	10.0
32	35	10.0
32	36	10.0
32	37	10.0
32	38	10.0
32	39	10.0
32	40	0.0

33	0	0.0
33	1	-6.46491904394757
33	2	-6.42781597038604
33	3	-6.38851075415192
33	4	-6.34680134680135
33	5	-6.30246020260492
33	6	-6.25523012552301
33	7	-6.20481927710843
33	8	-6.15089514066496
33	9	-6.09307717787347
33	10	-6.03092783505155
33	11	-4.88700019316206
33	12	-3.8940714373389
33	13	-2.99305184393373
33	14	-2.14085983921706
33	15	-1.30246020260492
33	16	-0.445648374694162
33	17	0.463210404418315
33	18	1.46372897999264
33	19	2.60768785010624
33	20	3.96907216494845
33	21	4.6701757774773
33	22	5.27678900208666
33	23	5.82531623017994
33	24	6.34218804613771
33	25	6.84876989869754
33	26	7.36455784690668
33	27	7.90976305006235
33	28	8.50803976924021
33	29	9.19016805099479
33	30	10.0
33	31	10.0
33	32	10.0
33	33	10.0
33	34	10.0
33	35	10.0
33	36	10.0
33	37	10.0
33	38	10.0
33	39	10.0
33	40	0.0

34	0	0.0
34	1	-6.956745623069
34	2	-6.91082802547771
34	3	-6.86199342825849
34	4	-6.80995475113122
34	5	-6.75438596491228
34	6	-6.69491525423729
34	7	-6.63111668757842
34	8	-6.5625
34	9	-6.48849797023004
34	10	-6.40845070422535
34	11	-5.27420624508003
34	12	-4.29745889387145
34	13	-3.41428227939408
34	14	-2.57889778615167
34	15	-1.75438596491228
34	16	-0.906735751295336
34	17	0.0
34	18	1.00896860986547
34	19	2.17790606140121
34	20	3.59154929577465
34	21	4.33810023615849
34	22	4.97757847533632
34	23	5.55241644626112
34	24	6.09279321714555
34	25	6.62280701754386
34	26	7.16439001413095
34	27	7.74044241404184
34	28	8.37817638266069
34	29	9.1137496720021
34	30	10.0
34	31	10.0
34	32	10.0
34	33	10.0
34	34	10.0
34	35	10.0
34	36	10.0
34	37	10.0
34	38	10.0
34	39	10.0
34	40	0.0

35	0	0.0
35	1	-7.4516129032258
35	2	-7.4
35	3	-7.3448275862069
35	4	-7.28571428571429
35	5	-7.22222222222222
35	6	-7.15384615384615
35	7	-7.08
35	8	-7.0
35	9	-6.91304347826087
35	10	-6.81818181818182
35	11	-5.68067226890756
35	12	-4.71428571428571
35	13	-3.84732824427481
35	14	-3.02985074626866
35	15	-2.22222222222222
35	16	-1.38805970149254
35	17	-0.488549618320611
35	18	0.523809523809523
35	19	1.71428571428571
35	20	3.18181818181818
35	21	3.98739495798319
35	22	4.66666666666667
35	23	5.27099236641221
35	24	5.83582089552239
35	25	6.38888888888889
35	26	6.95522388059702
35	27	7.56106870229008
35	28	8.23809523809524
35	29	9.02941176470588
35	30	10.0
35	31	10.0
35	32	10.0
35	33	10.0
35	34	10.0
35	35	10.0
35	36	10.0
35	37	10.0
35	38	10.0
35	39	10.0
35	40	0.0

36	0	0.0
36	1	-7.95031055900621
36	2	-7.89699570815451
36	3	-7.83964365256125
36	4	-7.77777777777778
36	5	-7.71084337349397
36	6	-7.63819095477387
36	7	-7.55905511811024
36	8	-7.47252747252747
36	9	-7.37752161383285
36	10	-7.27272727272727
36	11	-6.11480865224625
36	12	-5.15088449531738
36	13	-4.29745889387145
36	14	-3.49854227405248
36	15	-2.71084337349398
36	16	-1.89504373177843
36	17	-1.00896860986547
36	18	0.0
36	19	1.2063227953411
36	20	2.72727272727273
36	21	3.61064891846922
36	22	4.33922996878252
36	23	4.97757847533632
36	24	5.56851311953353
36	25	6.14457831325301
36	26	6.73469387755102
36	27	7.36920777279522
36	28	8.08532778355879
36	29	8.9351081530782
36	30	10.0
36	31	10.0
36	32	10.0
36	33	10.0
36	34	10.0
36	35	10.0
36	36	10.0
36	37	10.0
36	38	10.0
36	39	10.0
36	40	0.0

37	0	0.0
37	1	-8.4536484030122
37	2	-8.40356564019449
37	3	-8.34928229665072
37	4	-8.29024676850764
37	5	-8.2258064516129
37	6	-8.15518351577592
37	7	-8.07744335475144
37	8	-7.99145299145299
37	9	-7.89582549830763
37	10	-7.78884462151394
37	11	-6.58699877618602
37	12	-5.614704700683
37	13	-4.77071241788379
37	14	-3.99045020463847
37	15	-3.2258064516129
37	16	-2.4339575840258
37	17	-1.5689776133682
37	18	-0.572519083969466
37	19	0.640702613202794
37	20	2.21115537848606
37	21	3.1986538046217
37	22	3.98955403776617
37	23	4.66818674660374
37	24	5.28773409400968
37	25	5.88709677419355
37	26	6.50006201165819
37	27	7.16196823777027
37	28	7.91683406990759
37	29	8.82819811388669
37	30	10.0
37	31	10.0
37	32	10.0
37	33	10.0
37	34	10.0
37	35	10.0
37	36	10.0
37	37	10.0
37	38	10.0
37	39	10.0
37	40	0.0

38	0	0.0
38	1	-8.96246089676746
38	2	-8.92156862745098
38	3	-8.87685290763968
38	4	-8.82775119617225
38	5	-8.77358490566038
38	6	-8.71352785145889
38	7	-8.64656381486676
38	8	-8.57142857142857
38	9	-8.486529318542
38	10	-8.38983050847458
38	11	-7.11057547454052
38	12	-6.11480865224625
38	13	-5.27420624508003
38	14	-4.51194712760549
38	15	-3.77358490566038
38	16	-3.01220132180986
38	17	-2.17790606140121
38	18	-1.2063227953411
38	19	0.0
38	20	1.61016949152542
38	21	2.73952997890931
38	22	3.61064891846922
38	23	4.33810023615849
38	24	4.98983223182511
38	25	5.61320754716981
38	26	6.24809354346721
38	27	6.93584361060089
38	28	7.7287853577371
38	29	8.70518228382043
38	30	10.0
38	31	10.0
38	32	10.0
38	33	10.0
38	34	10.0
38	35	10.0
38	36	10.0
38	37	10.0
38	38	10.0
38	39	10.0
38	40	0.0

39	0	0.0
39	1	-9.47761194029851
39	2	-9.45299615173172
39	3	-9.42580271912063
39	4	-9.39560439560439
39	5	-9.36187399030695
39	6	-9.32395332875772
39	7	-9.28100987925357
39	8	-9.23197492163009
39	9	-9.1754533951919
39	10	-9.10958904109589
39	11	-7.70331504889101
39	12	-6.66257402860032
39	13	-5.8165548098434
39	14	-5.07061592781483
39	15	-4.36187399030695
39	16	-3.63868183601412
39	17	-2.84726459223104
39	18	-1.91752130579229
39	19	-0.739327450512759
39	20	0.89041095890411
39	21	2.21738611972335
39	22	3.19370215224614
39	23	3.98159446817165
39	24	4.6704590035308
39	25	5.31906300484653
39	26	5.97489211455473
39	27	6.68649583079113
39	28	7.51625018055756
39	29	8.56129263057477
39	30	10.0
39	31	10.0
39	32	10.0
39	33	10.0
39	34	10.0
39	35	10.0
39	36	10.0
39	37	10.0
39	38	10.0
39	39	10.0
39	40	0.0

40	0	0.0
40	1	-10.0
40	2	-10.0
40	3	-10.0
40	4	-10.0
40	5	-10.0
40	6	-10.0
40	7	-10.0
40	8	-10.0
40	9	-10.0
40	10	-10.0
40	11	-8.38983050847458
40	12	-7.27272727272727
40	13	-6.40845070422535
40	14	-5.67567567567568
40	15	-5.0
40	16	-4.32432432432432
40	17	-3.59154929577465
40	18	-2.72727272727273
40	19	-1.61016949152542
40	20	0.0
40	21	1.61016949152542
40	22	2.72727272727273
40	23	3.59154929577465
40	24	4.32432432432432
40	25	5.0
40	26	5.67567567567568
40	27	6.40845070422535
40	28	7.27272727272727
40	29	8.38983050847458
40	30	10.0
40	31	10.0
40	32	10.0
40	33	10.0
40	34	10.0
40	35	10.0
40	36	10.0
40	37	10.0
40	38	10.0
40	39	10.0
40	40	0.0

41	0	0.0
41	1	-10.0
41	2	-10.0
41	3	-10.0
41	4	-10.0
41	5	-10.0
41	6	-10.0
41	7	-10.0
41	8	-10.0
41	9	-10.0
41	10	-10.0
41	11	-8.56129263057477
41	12	-7.51625018055756
41	13	-6.68649583079113
41	14	-5.97489211455473
41	15	-5.31906300484653
41	16	-4.6704590035308
41	17	-3.98159446817165
41	18	-3.19370215224614
41	19	-2.21738611972335
41	20	-0.89041095890411
41	21	0.739327450512759
41	22	1.91752130579229
41	23	2.84726459223104
41	24	3.63868183601412
41	25	4.36187399030695
41	26	5.07061592781483
41	27	5.8165548098434
41	28	6.66257402860032
41	29	7.70331504889101
41	30	9.10958904109589
41	31	9.1754533951919
41	32	9.23197492163009
41	33	9.28100987925357
41	34	9.32395332875772
41	35	9.36187399030695
41	36	9.39560439560439
41	37	9.42580271912063
41	38	9.45299615173172
41	39	9.47761194029851
41	40	0.0

42	0	0.0
42	1	-10.0
42	2	-10.0
42	3	-10.0
42	4	-10.0
42	5	-10.0
42	6	-10.0
42	7	-10.0
42	8	-10.0
42	9	-10.0
42	10	-10.0
42	11	-8.70518228382043
42	12	-7.7287853577371
42	13	-6.93584361060089
42	14	-6.24809354346721
42	15	-5.61320754716981
42	16	-4.98983223182511
42	17	-4.33810023615849
42	18	-3.61064891846922
42	19	-2.73952997890931
42	20	-1.61016949152542
42	21	0.0
42	22	1.2063227953411
42	23	2.17790606140121
42	24	3.01220132180986
42	25	3.77358490566038
42	26	4.51194712760549
42	27	5.27420624508003
42	28	6.11480865224625
42	29	7.11057547454052
42	30	8.38983050847458
42	31	8.486529318542
42	32	8.57142857142857
42	33	8.64656381486676
42	34	8.71352785145889
42	35	8.77358490566038
42	36	8.82775119617225
42	37	8.87685290763968
42	38	8.92156862745098
42	39	8.96246089676746
42	40	0.0

43	0	0.0
43	1	-10.0
43	2	-10.0
43	3	-10.0
43	4	-10.0
43	5	-10.0
43	6	-10.0
43	7	-10.0
43	8	-10.0
43	9	-10.0
43	10	-10.0
43	11	-8.82819811388669
43	12	-7.91683406990759
43	13	-7.16196823777027
43	14	-6.50006201165819
43	15	-5.88709677419355
43	16	-5.28773409400967
43	17	-4.66818674660374
43	18	-3.98955403776617
43	19	-3.1986538046217
43	20	-2.21115537848606
43	21	-0.640702613202794
43	22	0.572519083969466
43	23	1.5689776133682
43	24	2.4339575840258
43	25	3.2258064516129
43	26	3.99045020463847
43	27	4.77071241788379
43	28	5.614704700683
43	29	6.58699877618602
43	30	7.78884462151394
43	31	7.89582549830763
43	32	7.99145299145299
43	33	8.07744335475144
43	34	8.15518351577592
43	35	8.2258064516129
43	36	8.29024676850764
43	37	8.34928229665072
43	38	8.40356564019449
43	39	8.4536484030122
43	40	0.0

44	0	0.0
44	1	-10.0
44	2	-10.0
44	3	-10.0
44	4	-10.0
44	5	-10.0
44	6	-10.0
44	7	-10.0
44	8	-10.0
44	9	-10.0
44	10	-10.0
44	11	-8.9351081530782
44	12	-8.08532778355879
44	13	-7.36920777279522
44	14	-6.73469387755102
44	15	-6.14457831325301
44	16	-5.56851311953353
44	17	-4.97757847533632
44	18	-4.33922996878252
44	19	-3.61064891846922
44	20	-2.72727272727273
44	21	-1.2063227953411
44	22	0.0
44	23	1.00896860986547
44	24	1.89504373177843
44	25	2.71084337349398
44	26	3.49854227405248
44	27	4.29745889387145
44	28	5.15088449531738
44	29	6.11480865224625
44	30	7.27272727272727
44	31	7.37752161383285
44	32	7.47252747252747
44	33	7.55905511811024
44	34	7.63819095477387
44	35	7.71084337349397
44	36	7.77777777777778
44	37	7.83964365256125
44	38	7.89699570815451
44	39	7.95031055900621
44	40	0.0

45	0	0.0
45	1	-10.0
45	2	-10.0
45	3	-10.0
45	4	-10.0
45	5	-10.0
45	6	-10.0
45	7	-10.0
45	8	-10.0
45	9	-10.0
45	10	-10.0
45	11	-9.02941176470588
45	12	-8.23809523809524
45	13	-7.56106870229008
45	14	-6.95522388059702
45	15	-6.38888888888889
45	16	-5.83582089552239
45	17	-5.27099236641221
45	18	-4.66666666666667
45	19	-3.98739495798319
45	20	-3.18181818181818
45	21	-1.71428571428571
45	22	-0.523809523809523
45	23	0.488549618320611
45	24	1.38805970149254
45	25	2.22222222222222
45	26	3.02985074626866
45	27	3.84732824427481
45	28	4.71428571428571
45	29	5.68067226890756
45	30	6.81818181818182
45	31	6.91304347826087
45	32	7.0
45	33	7.08
45	34	7.15384615384615
45	35	7.22222222222222
45	36	7.28571428571429
45	37	7.3448275862069
45	38	7.4
45	39	7.4516129032258
45	40	0.0

46	0	0.0
46	1	-10.0
46	2	-10.0
46	3	-10.0
46	4	-10.0
46	5	-10.0
46	6	-10.0
46	7	-10.0
46	8	-10.0
46	9	-10.0
46	10	-10.0
46	11	-9.1137496720021
46	12	-8.37817638266069
46	13	-7.74044241404184
46	14	-7.16439001413095
46	15	-6.62280701754386
46	16	-6.09279321714555
46	17	-5.55241644626112
46	18	-4.97757847533632
46	19	-4.33810023615849
46	20	-3.59154929577465
46	21	-2.17790606140121
46	22	-1.00896860986547
46	23	0.0
46	24	0.906735751295337
46	25	1.75438596491228
46	26	2.57889778615167
46	27	3.41428227939408
46	28	4.29745889387145
46	29	5.27420624508003
46	30	6.40845070422535
46	31	6.48849797023004
46	32	6.5625
46	33	6.63111668757842
46	34	6.69491525423729
46	35	6.75438596491228
46	36	6.80995475113122
46	37	6.86199342825849
46	38	6.91082802547771
46	39	6.956745623069
46	40	0.0

47	0	0.0
47	1	-10.0
47	2	-10.0
47	3	-10.0
47	4	-10.0
47	5	-10.0
47	6	-10.0
47	7	-10.0
47	8	-10.0
47	9	-10.0
47	10	-10.0
47	11	-9.19016805099479
47	12	-8.50803976924021
47	13	-7.90976305006235
47	14	-7.36455784690668
47	15	-6.84876989869754
47	16	-6.34218804613771
47	17	-5.82531623017994
47	18	-5.27678900208666
47	19	-4.6701757774773
47	20	-3.96907216494845
47	21	-2.60768785010624
47	22	-1.46372897999264
47	23	-0.463210404418315
47	24	0.445648374694162
47	25	1.30246020260492
47	26	2.14085983921706
47	27	2.99305184393373
47	28	3.8940714373389
47	29	4.88700019316206
47	30	6.03092783505155
47	31	6.09307717787347
47	32	6.15089514066496
47	33	6.20481927710843
47	34	6.25523012552301
47	35	6.30246020260492
47	36	6.34680134680135
47	37	6.38851075415192
47	38	6.42781597038604
47	39	6.46491904394757
47	40	0.0

48	0	0.0
48	1	-10.0
48	2	-10.0
48	3	-10.0
48	4	-10.0
48	5	-10.0
48	6	-10.0
48	7	-10.0
48	8	-10.0
48	9	-10.0
48	10	-10.0
48	11	-9.26029486527707
48	12	-8.62973760932945
48	13	-8.07112576542628
48	14	-7.55781683626272
48	15	-7.06896551724138
48	16	-6.58649398704903
48	17	-6.09279321714555
48	18	-5.56851311953353
48	19	-4.98983223182511
48	20	-4.32432432432432
48	21	-3.01220132180986
48	22	-1.89504373177843
48	23	-0.906735751295337
48	24	0.0
48	25	0.862068965517242
48	26	1.7113783533765
48	27	2.57889778615167
48	28	3.49854227405248
48	29	4.51194712760549
48	30	5.67567567567568
48	31	5.71801566579634
48	32	5.75757575757576
48	33	5.79462102689487
48	34	5.82938388625593
48	35	5.86206896551724
48	36	5.89285714285714
48	37	5.92190889370933
48	38	5.94936708860759
48	39	5.97535934291581
48	40	0.0

49	0	0.0
49	1	-10.0
49	2	-10.0
49	3	-10.0
49	4	-10.0
49	5	-10.0
49	6	-10.0
49	7	-10.0
49	8	-10.0
49	9	-10.0
49	10	-10.0
49	11	-9.32546188284255
49	12	-8.74501992031873
49	13	-8.22637806806866
49	14	-7.74605732704041
49	15	-7.28540772532189
49	16	-6.82801887878439
49	17	-6.35771190908558
49	18	-5.85657370517928
49	19	-5.30250961599092
49	20	-4.66555183946488
49	21	-3.39870105302982
49	22	-2.30894603404564
49	23	-1.33559838322301
49	24	-0.434557384597675
49	25	0.429184549356224
49	26	1.28640497294808
49	27	2.16741842891453
49	28	3.10575878304962
49	29	4.14275805536289
49	30	5.33444816053512
49	31	5.355871886121
49	32	5.37593984962406
49	33	5.39477679927118
49	34	5.41249263406011
49	35	5.42918454935622
49	36	5.44493882091212
49	37	5.45983229645659
49	38	5.4739336492891
49	39	5.48730443703514
49	40	0.0

50	0	0.0
50	1	-10.0
50	2	-10.0
50	3	-10.0
50	4	-10.0
50	5	-10.0
50	6	-10.0
50	7	-10.0
50	8	-10.0
50	9	-10.0
50	10	-10.0
50	11	-9.38679245283019
50	12	-8.85542168674699
50	13	-8.37719298245614
50	14	-7.93103448275862
50	15	-7.5
50	16	-7.06896551724138
50	17	-6.62280701754386
50	18	-6.14457831325301
50	19	-5.61320754716981
50	20	-5.0
50	21	-3.77358490566038
50	22	-2.71084337349398
50	23	-1.75438596491228
50	24	-0.862068965517242
50	25	0.0
50	26	0.862068965517242
50	27	1.75438596491228
50	28	2.71084337349398
50	29	3.77358490566038
50	30	5.0
50	31	5.0
50	32	5.0
50	33	5.0
50	34	5.0
50	35	5.0
50	36	5.0
50	37	5.0
50	38	5.0
50	39	5.0
50	40	0.0

51	0	0.0
51	1	-10.0
51	2	-10.0
51	3	-10.0
51	4	-10.0
51	5	-10.0
51	6	-10.0
51	7	-10.0
51	8	-10.0
51	9	-10.0
51	10	-10.0
51	11	-9.4452676713538
51	12	-8.9623324882289
51	13	-8.52513033800012
51	14	-8.11442385173247
51	15	-7.71459227467811
51	16	-7.31149994244273
51	17	-6.89077968484565
51	18	-6.43607388627309
51	19	-5.92676082981273
51	20	-5.33444816053512
51	21	-4.14275805536289
51	22	-3.10575878304962
51	23	-2.16741842891453
51	24	-1.28640497294808
51	25	-0.429184549356224
51	26	0.434557384597675
51	27	1.33559838322301
51	28	2.30894603404564
51	29	3.39870105302982
51	30	4.66555183946488
51	31	4.644128113879
51	32	4.62406015037594
51	33	4.60522320072882
51	34	4.58750736593989
51	35	4.57081545064378
51	36	4.55506117908788
51	37	4.54016770354341
51	38	4.5260663507109
51	39	4.51269556296486
51	40	0.0

52	0	0.0
52	1	-10.0
52	2	-10.0
52	3	-10.0
52	4	-10.0
52	5	-10.0
52	6	-10.0
52	7	-10.0
52	8	-10.0
52	9	-10.0
52	10	-10.0
52	11	-9.50177935943061
52	12	-9.06705539358601
52	13	-8.67169100329722
52	14	-8.29787234042553
52	15	-7.93103448275862
52	16	-7.55781683626272
52	17	-7.16439001413095
52	18	-6.73469387755102
52	19	-6.24809354346721
52	20	-5.67567567567568
52	21	-4.51194712760549
52	22	-3.49854227405248
52	23	-2.57889778615167
52	24	-1.7113783533765
52	25	-0.862068965517242
52	26	0.0
52	27	0.906735751295337
52	28	1.89504373177843
52	29	3.01220132180986
52	30	4.32432432432432
52	31	4.28198433420366
52	32	4.24242424242424
52	33	4.20537897310513
52	34	4.17061611374408
52	35	4.13793103448276
52	36	4.10714285714286
52	37	4.07809110629067
52	38	4.05063291139241
52	39	4.02464065708419
52	40	0.0

53	0	0.0
53	1	-10.0
53	2	-10.0
53	3	-10.0
53	4	-10.0
53	5	-10.0
53	6	-10.0
53	7	-10.0
53	8	-10.0
53	9	-10.0
53	10	-10.0
53	11	-9.55717597063937
53	12	-9.17086043942555
53	13	-8.81836807411366
53	14	-8.48304788535477
53	15	-8.15123010130246
53	16	-7.81020622160084
53	17	-7.44655264564404
53	18	-7.04431078924758
53	19	-6.58248020088854
53	20	-6.03092783505155
53	21	-4.88700019316206
53	22	-3.8940714373389
53	23	-2.99305184393373
53	24	-2.14085983921706
53	25	-1.30246020260492
53	26	-0.445648374694162
53	27	0.463210404418315
53	28	1.46372897999264
53	29	2.60768785010624
53	30	3.96907216494845
53	31	3.90692282212653
53	32	3.84910485933504
53	33	3.79518072289157
53	34	3.74476987447699
53	35	3.69753979739508
53	36	3.65319865319865
53	37	3.61148924584808
53	38	3.57218402961396
53	39	3.53508095605243
53	40	0.0

54	0	0.0
54	1	-10.0
54	2	-10.0
54	3	-10.0
54	4	-10.0
54	5	-10.0
54	6	-10.0
54	7	-10.0
54	8	-10.0
54	9	-10.0
54	10	-10.0
54	11	-9.61230648123852
54	12	-9.27503736920777
54	13	-8.9666987256552
54	14	-8.67169100329722
54	15	-8.37719298245614
54	16	-8.07112576542628
54	17	-7.74044241404184
54	18	-7.36920777279522
54	19	-6.93584361060089
54	20	-6.40845070422535
54	21	-5.27420624508003
54	22	-4.29745889387145
54	23	-3.41428227939408
54	24	-2.57889778615167
54	25	-1.75438596491228
54	26	-0.906735751295337
54	27	0.0
54	28	1.00896860986547
54	29	2.17790606140121
54	30	3.59154929577465
54	31	3.51150202976996
54	32	3.4375
54	33	3.36888331242158
54	34	3.30508474576271
54	35	3.24561403508772
54	36	3.19004524886878
54	37	3.13800657174151
54	38	3.08917197452229
54	39	3.043254376931
54	40	0.0

55	0	0.0
55	1	-10.0
55	2	-10.0
55	3	-10.0
55	4	-10.0
55	5	-10.0
55	6	-10.0
55	7	-10.0
55	8	-10.0
55	9	-10.0
55	10	-10.0
55	11	-9.66806722689076
55	12	-9.38095238095238
55	13	-9.11832061068702
55	14	-8.86567164179104
55	15	-8.61111111111111
55	16	-8.34328358208955
55	17	-8.04961832061069
55	18	-7.71428571428572
55	19	-7.31512605042017
55	20	-6.81818181818182
55	21	-5.68067226890756
55	22	-4.71428571428571
55	23	-3.84732824427481
55	24	-3.02985074626866
55	25	-2.22222222222222
55	26	-1.38805970149254
55	27	-0.488549618320611
55	28	0.523809523809523
55	29	1.71428571428571
55	30	3.18181818181818
55	31	3.08695652173913
55	32	3.0
55	33	2.92
55	34	2.84615384615385
55	35	2.77777777777778
55	36	2.71428571428571
55	37	2.6551724137931
55	38	2.6
55	39	2.5483870967742
55	40	0.0

56	0	0.0
56	1	-10.0
56	2	-10.0
56	3	-10.0
56	4	-10.0
56	5	-10.0
56	6	-10.0
56	7	-10.0
56	8	-10.0
56	9	-10.0
56	10	-10.0
56	11	-9.72545757071547
56	12	-9.49011446409989
56	13	-9.27503736920777
56	14	-9.067055393586
56	15	-8.85542168674699
56	16	-8.62973760932945
56	17	-8.37817638266069
56	18	-8.08532778355879
56	19	-7.7287853577371
56	20	-7.27272727272727
56	21	-6.11480865224625
56	22	-5.15088449531738
56	23	-4.29745889387145
56	24	-3.49854227405248
56	25	-2.71084337349398
56	26	-1.89504373177843
56	27	-1.00896860986547
56	28	0.0
56	29	1.2063227953411
56	30	2.72727272727273
56	31	2.62247838616715
56	32	2.52747252747253
56	33	2.44094488188976
56	34	2.36180904522613
56	35	2.28915662650602
56	36	2.22222222222222
56	37	2.16035634743875
56	38	2.10300429184549
56	39	2.04968944099379
56	40	0.0

57	0	0.0
57	1	-10.0
57	2	-10.0
57	3	-10.0
57	4	-10.0
57	5	-10.0
57	6	-10.0
57	7	-10.0
57	8	-10.0
57	9	-10.0
57	10	-10.0
57	11	-9.78565258080772
57	12	-9.60425873844918
57	13	-9.43889916448753
57	14	-9.27818429864815
57	15	-9.11290322580645
57	16	-8.93401959568399
57	17	-8.73094585113847
57	18	-8.48935315387706
57	19	-8.1874955006839
57	20	-7.78884462151394
57	21	-6.58699877618602
57	22	-5.614704700683
57	23	-4.77071241788379
57	24	-3.99045020463847
57	25	-3.2258064516129
57	26	-2.4339575840258
57	27	-1.5689776133682
57	28	-0.572519083969466
57	29	0.640702613202794
57	30	2.21115537848606
57	31	2.10417450169236
57	32	2.00854700854701
57	33	1.92255664524856
57	34	1.84481648422408
57	35	1.7741935483871
57	36	1.70975323149236
57	37	1.65071770334928
57	38	1.59643435980551
57	39	1.5463515969878
57	40	0.0

58	0	0.0
58	1	-10.0
58	2	-10.0
58	3	-10.0
58	4	-10.0
58	5	-10.0
58	6	-10.0
58	7	-10.0
58	8	-10.0
58	9	-10.0
58	10	-10.0
58	11	-9.85010545344984
58	12	-9.72545757071547
58	13	-9.61230648123852
58	14	-9.50177935943061
58	15	-9.38679245283019
58	16	-9.26029486527707
58	17	-9.1137496720021
58	18	-8.9351081530782
58	19	-8.70518228382043
58	20	-8.38983050847458
58	21	-7.11057547454052
58	22	-6.11480865224625
58	23	-5.27420624508003
58	24	-4.51194712760549
58	25	-3.77358490566038
58	26	-3.01220132180986
58	27	-2.17790606140121
58	28	-1.2063227953411
58	29	0.0
58	30	1.61016949152542
58	31	1.513470681458
58	32	1.42857142857143
58	33	1.35343618513324
58	34	1.28647214854111
58	35	1.22641509433962
58	36	1.17224880382775
58	37	1.12314709236032
58	38	1.07843137254902
58	39	1.03753910323254
58	40	0.0

59	0	0.0
59	1	-10.0
59	2	-10.0
59	3	-10.0
59	4	-10.0
59	5	-10.0
59	6	-10.0
59	7	-10.0
59	8	-10.0
59	9	-10.0
59	10	-10.0
59	11	-9.92070116861436
59	12	-9.85627618084645
59	13	-9.79814927801505
59	14	-9.74107493134562
59	15	-9.68093699515347
59	16	-9.61357395056885
59	17	-9.53376042302217
59	18	-9.43377148634985
59	19	-9.30062008108753
59	20	-9.10958904109589
59	21	-7.70331504889101
59	22	-6.66257402860032
59	23	-5.8165548098434
59	24	-5.07061592781483
59	25	-4.36187399030695
59	26	-3.63868183601412
59	27	-2.84726459223104
59	28	-1.91752130579229
59	29	-0.739327450512759
59	30	0.89041095890411
59	31	0.824546604808098
59	32	0.768025078369906
59	33	0.718990120746433
59	34	0.676046671242279
59	35	0.638126009693054
59	36	0.604395604395605
59	37	0.574197280879375
59	38	0.54700384826828
59	39	0.52238805970149
59	40	0.0

60	0	0.0
60	1	-10.0
60	2	-10.0
60	3	-10.0
60	4	-10.0
60	5	-10.0
60	6	-10.0
60	7	-10.0
60	8	-10.0
60	9	-10.0
60	10	-10.0
60	11	-10.0
60	12	-10.0
60	13	-10.0
60	14	-10.0
60	15	-10.0
60	16	-10.0
60	17	-10.0
60	18	-10.0
60	19	-10.0
60	20	-10.0
60	21	-8.38983050847458
60	22	-7.27272727272727
60	23	-6.40845070422535
60	24	-5.67567567567568
60	25	-5.0
60	26	-4.32432432432432
60	27	-3.59154929577465
60	28	-2.72727272727273
60	29	-1.61016949152542
60	30	0.0
60	31	0.0
60	32	0.0
60	33	0.0
60	34	0.0
60	35	0.0
60	36	0.0
60	37	0.0
60	38	0.0
60	39	0.0
60	40	0.0

61	0	0.0
61	1	-10.0
61	2	-10.0
61	3	-10.0
61	4	-10.0
61	5	-10.0
61	6	-10.0
61	7	-10.0
61	8	-10.0
61	9	-10.0
61	10	-10.0
61	11	-10.0
61	12	-10.0
61	13	-10.0
61	14	-10.0
61	15	-10.0
61	16	-10.0
61	17	-10.0
61	18	-10.0
61	19	-10.0
61	20	-10.0
61	21	-8.43980343980344
61	22	-7.32644017725258
61	23	-6.44927536231884
61	24	-5.69721115537849
61	25	-5.0
61	26	-4.30278884462151
61	27	-3.55072463768116
61	28	-2.67355982274742
61	29	-1.56019656019656
61	30	0.0
61	31	0.0
61	32	0.0
61	33	0.0
61	34	0.0
61	35	0.0
61	36	0.0
61	37	0.0
61	38	0.0
61	39	0.0
61	40	0.0

62	0	0.0
62	1	-10.0
62	2	-10.0
62	3	-10.0
62	4	-10.0
62	5	-10.0
62	6	-10.0
62	7	-10.0
62	8	-10.0
62	9	-10.0
62	10	-10.0
62	11	-10.0
62	12	-10.0
62	13	-10.0
62	14	-10.0
62	15	-10.0
62	16	-10.0
62	17	-10.0
62	18	-10.0
62	19	-10.0
62	20	-10.0
62	21	-8.486529318542
62	22	-7.37752161383285
62	23	-6.48849797023004
62	24	-5.71801566579634
62	25	-5.0
62	26	-4.28198433420366
62	27	-3.51150202976996
62	28	-2.62247838616715
62	29	-1.513470681458
62	30	0.0
62	31	0.0
62	32	0.0
62	33	0.0
62	34	0.0
62	35	0.0
62	36	0.0
62	37	0.0
62	38	0.0
62	39	0.0
62	40	0.0

63	0	0.0
63	1	-10.0
63	2	-10.0
63	3	-10.0
63	4	-10.0
63	5	-10.0
63	6	-10.0
63	7	-10.0
63	8	-10.0
63	9	-10.0
63	10	-10.0
63	11	-10.0
63	12	-10.0
63	13	-10.0
63	14	-10.0
63	15	-10.0
63	16	-10.0
63	17	-10.0
63	18	-10.0
63	19	-10.0
63	20	-10.0
63	21	-8.53031465848043
63	22	-7.42616033755274
63	23	-6.52621101526211
63	24	-5.73812580231065
63	25	-5.0
63	26	-4.26187419768935
63	27	-3.47378898473789
63	28	-2.57383966244726
63	29	-1.46968534151957
63	30	0.0
63	31	0.0
63	32	0.0
63	33	0.0
63	34	0.0
63	35	0.0
63	36	0.0
63	37	0.0
63	38	0.0
63	39	0.0
63	40	0.0

64	0	0.0
64	1	-10.0
64	2	-10.0
64	3	-10.0
64	4	-10.0
64	5	-10.0
64	6	-10.0
64	7	-10.0
64	8	-10.0
64	9	-10.0
64	10	-10.0
64	11	-10.0
64	12	-10.0
64	13	-10.0
64	14	-10.0
64	15	-10.0
64	16	-10.0
64	17	-10.0
64	18	-10.0
64	19	-10.0
64	20	-10.0
64	21	-8.57142857142857
64	22	-7.47252747252747
64	23	-6.5625
64	24	-5.75757575757576
64	25	-5.0
64	26	-4.24242424242424
64	27	-3.4375
64	28	-2.52747252747253
64	29	-1.42857142857143
64	30	0.0
64	31	0.0
64	32	0.0
64	33	0.0
64	34	0.0
64	35	0.0
64	36	0.0
64	37	0.0
64	38	0.0
64	39	0.0
64	40	0.0

65	0	0.0
65	1	-10.0
65	2	-10.0
65	3	-10.0
65	4	-10.0
65	5	-10.0
65	6	-10.0
65	7	-10.0
65	8	-10.0
65	9	-10.0
65	10	-10.0
65	11	-10.0
65	12	-10.0
65	13	-10.0
65	14	-10.0
65	15	-10.0
65	16	-10.0
65	17	-10.0
65	18	-10.0
65	19	-10.0
65	20	-10.0
65	21	-8.6101083032491
65	22	-7.51677852348993
65	23	-6.59744408945687
65	24	-5.77639751552795
65	25	-5.0
65	26	-4.22360248447205
65	27	-3.40255591054313
65	28	-2.48322147651007
65	29	-1.3898916967509
65	30	0.0
65	31	0.0
65	32	0.0
65	33	0.0
65	34	0.0
65	35	0.0
65	36	0.0
65	37	0.0
65	38	0.0
65	39	0.0
65	40	0.0

66	0	0.0
66	1	-10.0
66	2	-10.0
66	3	-10.0
66	4	-10.0
66	5	-10.0
66	6	-10.0
66	7	-10.0
66	8	-10.0
66	9	-10.0
66	10	-10.0
66	11	-10.0
66	12	-10.0
66	13	-10.0
66	14	-10.0
66	15	-10.0
66	16	-10.0
66	17	-10.0
66	18	-10.0
66	19	-10.0
66	20	-10.0
66	21	-8.64656381486676
66	22	-7.55905511811024
66	23	-6.63111668757842
66	24	-5.79462102689487
66	25	-5.0
66	26	-4.20537897310513
66	27	-3.36888331242158
66	28	-2.44094488188976
66	29	-1.35343618513324
66	30	0.0
66	31	0.0
66	32	0.0
66	33	0.0
66	34	0.0
66	35	0.0
66	36	0.0
66	37	0.0
66	38	0.0
66	39	0.0
66	40	0.0

67	0	0.0
67	1	-10.0
67	2	-10.0
67	3	-10.0
67	4	-10.0
67	5	-10.0
67	6	-10.0
67	7	-10.0
67	8	-10.0
67	9	-10.0
67	10	-10.0
67	11	-10.0
67	12	-10.0
67	13	-10.0
67	14	-10.0
67	15	-10.0
67	16	-10.0
67	17	-10.0
67	18	-10.0
67	19	-10.0
67	20	-10.0
67	21	-8.68098159509203
67	22	-7.599486521181
67	23	-6.66358595194085
67	24	-5.81227436823105
67	25	-5.0
67	26	-4.18772563176895
67	27	-3.33641404805915
67	28	-2.400513478819
67	29	-1.31901840490797
67	30	0.0
67	31	0.0
67	32	0.0
67	33	0.0
67	34	0.0
67	35	0.0
67	36	0.0
67	37	0.0
67	38	0.0
67	39	0.0
67	40	0.0

68	0	0.0
68	1	-10.0
68	2	-10.0
68	3	-10.0
68	4	-10.0
68	5	-10.0
68	6	-10.0
68	7	-10.0
68	8	-10.0
68	9	-10.0
68	10	-10.0
68	11	-10.0
68	12	-10.0
68	13	-10.0
68	14	-10.0
68	15	-10.0
68	16	-10.0
68	17	-10.0
68	18	-10.0
68	19	-10.0
68	20	-10.0
68	21	-8.71352785145889
68	22	-7.63819095477387
68	23	-6.69491525423729
68	24	-5.82938388625593
68	25	-5.0
68	26	-4.17061611374408
68	27	-3.30508474576271
68	28	-2.36180904522613
68	29	-1.28647214854111
68	30	0.0
68	31	0.0
68	32	0.0
68	33	0.0
68	34	0.0
68	35	0.0
68	36	0.0
68	37	0.0
68	38	0.0
68	39	0.0
68	40	0.0

69	0	0.0
69	1	-10.0
69	2	-10.0
69	3	-10.0
69	4	-10.0
69	5	-10.0
69	6	-10.0
69	7	-10.0
69	8	-10.0
69	9	-10.0
69	10	-10.0
69	11	-10.0
69	12	-10.0
69	13	-10.0
69	14	-10.0
69	15	-10.0
69	16	-10.0
69	17	-10.0
69	18	-10.0
69	19	-10.0
69	20	-10.0
69	21	-8.74435119431891
69	22	-7.67527675276753
69	23	-6.72516359309934
69	24	-5.84597432905484
69	25	-5.0
69	26	-4.15402567094516
69	27	-3.27483640690065
69	28	-2.32472324723247
69	29	-1.25564880568108
69	30	0.0
69	31	0.0
69	32	0.0
69	33	0.0
69	34	0.0
69	35	0.0
69	36	0.0
69	37	0.0
69	38	0.0
69	39	0.0
69	40	0.0

70	0	0.0
70	1	-10.0
70	2	-10.0
70	3	-10.0
70	4	-10.0
70	5	-10.0
70	6	-10.0
70	7	-10.0
70	8	-10.0
70	9	-10.0
70	10	-10.0
70	11	-10.0
70	12	-10.0
70	13	-10.0
70	14	-10.0
70	15	-10.0
70	16	-10.0
70	17	-10.0
70	18	-10.0
70	19	-10.0
70	20	-10.0
70	21	-8.77358490566038
70	22	-7.71084337349397
70	23	-6.75438596491228
70	24	-5.86206896551724
70	25	-5.0
70	26	-4.13793103448276
70	27	-3.24561403508772
70	28	-2.28915662650602
70	29	-1.22641509433962
70	30	0.0
70	31	0.0
70	32	0.0
70	33	0.0
70	34	0.0
70	35	0.0
70	36	0.0
70	37	0.0
70	38	0.0
70	39	0.0
70	40	0.0

71	0	0.0
71	1	-10.0
71	2	-10.0
71	3	-10.0
71	4	-10.0
71	5	-10.0
71	6	-10.0
71	7	-10.0
71	8	-10.0
71	9	-10.0
71	10	-10.0
71	11	-10.0
71	12	-10.0
71	13	-10.0
71	14	-10.0
71	15	-10.0
71	16	-10.0
71	17	-10.0
71	18	-10.0
71	19	-10.0
71	20	-10.0
71	21	-8.80134886572655
71	22	-7.74498229043684
71	23	-6.78263369752731
71	24	-5.87768969422423
71	25	-5.0
71	26	-4.12231030577576
71	27	-3.21736630247268
71	28	-2.25501770956316
71	29	-1.19865113427345
71	30	0.0
71	31	0.0
71	32	0.0
71	33	0.0
71	34	0.0
71	35	0.0
71	36	0.0
71	37	0.0
71	38	0.0
71	39	0.0
71	40	0.0

72	0	0.0
72	1	-10.0
72	2	-10.0
72	3	-10.0
72	4	-10.0
72	5	-10.0
72	6	-10.0
72	7	-10.0
72	8	-10.0
72	9	-10.0
72	10	-10.0
72	11	-10.0
72	12	-10.0
72	13	-10.0
72	14	-10.0
72	15	-10.0
72	16	-10.0
72	17	-10.0
72	18	-10.0
72	19	-10.0
72	20	-10.0
72	21	-8.82775119617225
72	22	-7.77777777777778
72	23	-6.80995475113122
72	24	-5.89285714285714
72	25	-5.0
72	26	-4.10714285714286
72	27	-3.19004524886878
72	28	-2.22222222222222
72	29	-1.17224880382775
72	30	0.0
72	31	0.0
72	32	0.0
72	33	0.0
72	34	0.0
72	35	0.0
72	36	0.0
72	37	0.0
72	38	0.0
72	39	0.0
72	40	0.0

73	0	0.0
73	1	-10.0
73	2	-10.0
73	3	-10.0
73	4	-10.0
73	5	-10.0
73	6	-10.0
73	7	-10.0
73	8	-10.0
73	9	-10.0
73	10	-10.0
73	11	-10.0
73	12	-10.0
73	13	-10.0
73	14	-10.0
73	15	-10.0
73	16	-10.0
73	17	-10.0
73	18	-10.0
73	19	-10.0
73	20	-10.0
73	21	-8.85288966725044
73	22	-7.80930760499432
73	23	-6.83639398998331
73	24	-5.90759075907591
73	25	-5.0
73	26	-4.09240924092409
73	27	-3.16360601001669
73	28	-2.19069239500568
73	29	-1.14711033274956
73	30	0.0
73	31	0.0
73	32	0.0
73	33	0.0
73	34	0.0
73	35	0.0
73	36	0.0
73	37	0.0
73	38	0.0
73	39	0.0
73	40	0.0

74	0	0.0
74	1	-10.0
74	2	-10.0
74	3	-10.0
74	4	-10.0
74	5	-10.0
74	6	-10.0
74	7	-10.0
74	8	-10.0
74	9	-10.0
74	10	-10.0
74	11	-10.0
74	12	-10.0
74	13	-10.0
74	14	-10.0
74	15	-10.0
74	16	-10.0
74	17	-10.0
74	18	-10.0
74	19	-10.0
74	20	-10.0
74	21	-8.87685290763968
74	22	-7.83964365256125
74	23	-6.86199342825849
74	24	-5.92190889370933
74	25	-5.0
74	26	-4.07809110629067
74	27	-3.13800657174151
74	28	-2.16035634743875
74	29	-1.12314709236032
74	30	0.0
74	31	0.0
74	32	0.0
74	33	0.0
74	34	0.0
74	35	0.0
74	36	0.0
74	37	0.0
74	38	0.0
74	39	0.0
74	40	0.0

75	0	0.0
75	1	-10.0
75	2	-10.0
75	3	-10.0
75	4	-10.0
75	5	-10.0
75	6	-10.0
75	7	-10.0
75	8	-10.0
75	9	-10.0
75	10	-10.0
75	11	-10.0
75	12	-10.0
75	13	-10.0
75	14	-10.0
75	15	-10.0
75	16	-10.0
75	17	-10.0
75	18	-10.0
75	19	-10.0
75	20	-10.0
75	21	-8.89972144846796
75	22	-7.86885245901639
75	23	-6.88679245283019
75	24	-5.93582887700535
75	25	-5.0
75	26	-4.06417112299465
75	27	-3.11320754716981
75	28	-2.13114754098361
75	29	-1.10027855153203
75	30	0.0
75	31	0.0
75	32	0.0
75	33	0.0
75	34	0.0
75	35	0.0
75	36	0.0
75	37	0.0
75	38	0.0
75	39	0.0
75	40	0.0

76	0	0.0
76	1	-10.0
76	2	-10.0
76	3	-10.0
76	4	-10.0
76	5	-10.0
76	6	-10.0
76	7	-10.0
76	8	-10.0
76	9	-10.0
76	10	-10.0
76	11	-10.0
76	12	-10.0
76	13	-10.0
76	14	-10.0
76	15	-10.0
76	16	-10.0
76	17	-10.0
76	18	-10.0
76	19	-10.0
76	20	-10.0
76	21	-8.92156862745098
76	22	-7.89699570815451
76	23	-6.91082802547771
76	24	-5.94936708860759
76	25	-5.0
76	26	-4.05063291139241
76	27	-3.08917197452229
76	28	-2.10300429184549
76	29	-1.07843137254902
76	30	0.0
76	31	0.0
76	32	0.0
76	33	0.0
76	34	0.0
76	35	0.0
76	36	0.0
76	37	0.0
76	38	0.0
76	39	0.0
76	40	0.0

77	0	0.0
77	1	-10.0
77	2	-10.0
77	3	-10.0
77	4	-10.0
77	5	-10.0
77	6	-10.0
77	7	-10.0
77	8	-10.0
77	9	-10.0
77	10	-10.0
77	11	-10.0
77	12	-10.0
77	13	-10.0
77	14	-10.0
77	15	-10.0
77	16	-10.0
77	17	-10.0
77	18	-10.0
77	19	-10.0
77	20	-10.0
77	21	-8.94246137453383
77	22	-7.92413066385669
77	23	-6.93413486670152
77	24	-5.96253902185224
77	25	-5.0
77	26	-4.03746097814776
77	27	-3.06586513329848
77	28	-2.07586933614331
77	29	-1.05753862546617
77	30	0.0
77	31	0.0
77	32	0.0
77	33	0.0
77	34	0.0
77	35	0.0
77	36	0.0
77	37	0.0
77	38	0.0
77	39	0.0
77	40	0.0

78	0	0.0
78	1	-10.0
78	2	-10.0
78	3	-10.0
78	4	-10.0
78	5	-10.0
78	6	-10.0
78	7	-10.0
78	8	-10.0
78	9	-10.0
78	10	-10.0
78	11	-10.0
78	12	-10.0
78	13	-10.0
78	14	-10.0
78	15	-10.0
78	16	-10.0
78	17	-10.0
78	18	-10.0
78	19	-10.0
78	20	-10.0
78	21	-8.96246089676746
78	22	-7.95031055900621
78	23	-6.956745623069
78	24	-5.97535934291581
78	25	-5.0
78	26	-4.02464065708419
78	27	-3.043254376931
78	28	-2.04968944099379
78	29	-1.03753910323254
78	30	0.0
78	31	0.0
78	32	0.0
78	33	0.0
78	34	0.0
78	35	0.0
78	36	0.0
78	37	0.0
78	38	0.0
78	39	0.0
78	40	0.0

79	0	0.0
79	1	-10.0
79	2	-10.0
79	3	-10.0
79	4	-10.0
79	5	-10.0
79	6	-10.0
79	7	-10.0
79	8	-10.0
79	9	-10.0
79	10	-10.0
79	11	-10.0
79	12	-10.0
79	13	-10.0
79	14	-10.0
79	15	-10.0
79	16	-10.0
79	17	-10.0
79	18	-10.0
79	19	-10.0
79	20	-10.0
79	21	-8.98162327718224
79	22	-7.97558494404883
79	23	-6.97869101978691
79	24	-5.98784194528875
79	25	-5.0
79	26	-4.01215805471125
79	27	-3.02130898021309
79	28	-2.02441505595117
79	29	-1.01837672281776
79	30	0.0
79	31	0.0
79	32	0.0
79	33	0.0
79	34	0.0
79	35	0.0
79	36	0.0
79	37	0.0
79	38	0.0
79	39	0.0
79	40	0.0

80	0	0.0
80	1	0.0
80	2	0.0
80	3	0.0
80	4	0.0
80	5	0.0
80	6	0.0
80	7	0.0
80	8	0.0
80	9	0.0
80	10	0.0
80	11	0.0
80	12	0.0
80	13	0.0
80	14	0.0
80	15	0.0
80	16	0.0
80	17	0.0
80	18	0.0
80	19	0.0
80	20	0.0
80	21	0.0
80	22	0.0
80	23	0.0
80	24	0.0
80	25	0.0
80	26	0.0
80	27	0.0
80	28	0.0
80	29	0.0
80	30	0.0
80	31	0.0
80	32	0.0
80	33	0.0
80	34	0.0
80	35	0.0
80	36	0.0
80	37	0.0
80	38	0.0
80	39	0.0
80	40	0.0

